1.0 0.0 0.0 0.0 0.0 -1.0 0.0 0.0 0.0 0.0 -1.0 0.0
0.9999029256685344 0.00551270450446463 0.012796457656396002 -0.0005092411884106696 0.005275901987386002 -0.9998155708910671 0.01846588914700581 0.08158084005117416 0.012895894607392577 -0.018396583726781067 -0.9997475989515848 -0.09286480396986008
0.9996378760868562 0.010149481957822011 0.024921972404831065 -0.08774979412555695 0.009154790580437444 -0.9991694272073907 0.03970699615286037 0.1283290982246399 0.025304278333666212 -0.03946446186181664 -0.9989005204463405 -0.16211959719657898
0.9990732223075617 0.01574946791907701 0.04005809191975486 -0.20675358176231384 0.013199500572118132 -0.9979171841053257 0.06314322490928576 0.15677805244922638 0.040969130484209915 -0.06255595836979844 -0.9972002218310042 -0.19082820415496826
0.9982292750759157 0.021870912155311086 0.05531706412045412 -0.3172689974308014 0.01694620183167587 -0.9959781480760207 0.08797928619021857 0.17487147450447083 0.05701877431944563 -0.08688608494203744 -0.9945851736370058 -0.20708829164505005
0.9971109429062468 0.02811142732749219 0.07056567997423743 -0.4195839762687683 0.019948626355562455 -0.9933005764631764 0.113824501336256 0.18592454493045807 0.07329269979432829 -0.11208796746989531 -0.9909916587465941 -0.2345476746559143
0.9957185175046002 0.03403971878257187 0.08594144194534298 -0.5114547610282898 0.021673322726535823 -0.9897828415030354 0.14092619965133737 0.19160546362400055 0.08986045281675784 -0.13846018998752166 -0.9862828574035882 -0.24982304871082306
0.994042114948336 0.041920635809624365 0.10061279243891245 -0.592549204826355 0.024514086069188937 -0.9854171259778688 0.1683809591780175 0.20034262537956238 0.10620420562873788 -0.164911334124837 -0.980573770087664 -0.2667160630226135
0.9921805705952744 0.04885074596151118 0.11485347165949855 -0.6626390814781189 0.02574148166157844 -0.9805294545223211 0.1946775922802259 0.20263545215129852 0.12212735752116297 -0.19019882605621719 -0.9741197642547526 -0.2814146876335144
0.9899644320852881 0.05707083735834949 0.1292800940952246 -0.7255316972732544 0.027459044038571065 -0.9750729415163706 0.22017892638284156 0.2082940638065338 0.13862331732627495 -0.2144193980166668 -0.9668546414263259 -0.29417577385902405
0.9875896819288127 0.06544240132099406 0.14277223909811257 -0.7775493264198303 0.028859091411563162 -0.9691891433607839 0.24462125262227108 0.21569740772247314 0.15438190629295165 -0.23746514797109042 -0.9590498060624498 -0.30470356345176697
0.9852532364300316 0.07313305056707511 0.154685542371943 -0.8166983723640442 0.02941221138914033 -0.9629845973525978 0.2679469855827007 0.21711154282093048 0.1685555751832287 -0.25944599086593945 -0.9509346959167292 -0.31313684582710266
0.9827670799719543 0.08118943011708049 0.16606367140546505 -0.8467200398445129 0.030244681745917986 -0.9568982340026533 0.2888442988682516 0.21886129677295685 0.18235713791756739 -0.2788441252740811 -0.942863631736131 -0.32694751024246216
0.9804847306543328 0.08813215494731938 0.17573393587478248 -0.8660309314727783 0.030258618256525913 -0.9508873768664833 0.3080545609744878 0.21564677357673645 0.19425269361042669 -0.2967253271635576 -0.9349973108222148 -0.33882635831832886
0.9781853792426562 0.094294198131229 0.18509988664148128 -0.8814560770988464 0.02958016590452648 -0.9451890592774046 0.3251809588634545 0.21150557696819305 0.20561706549058953 -0.31261197421257475 -0.9273593564298335 -0.34387096762657166
0.9758394353674695 0.1015969444895587 0.19343075570364723 -0.8858810663223267 0.030815398947677257 -0.940460359602709 0.33850365316143755 0.2194046974182129 0.21630489492703123 -0.3243645678651243 -0.9208690566765056 -0.347709059715271
0.9739419366905188 0.10656757853979831 0.2002010368596667 -0.8990291953086853 0.03055660749870376 -0.9363394695332924 0.34976376532208553 0.2191285341978073 0.22472961018453233 -0.3345321344778057 -0.9151966200265554 -0.3488691747188568
0.9724946626244017 0.1111397916525044 0.2046999703920084 -0.9095689058303833 0.03277718072190446 -0.9353755116894767 0.35213393553529176 0.22138544917106628 0.23060743177741436 -0.33573888491368903 -0.9132905417039737 -0.3584846556186676
0.9712722448380595 0.11417416660566257 0.20879292633405752 -0.9309731125831604 0.03414017437704595 -0.9351656582129431 0.35256154100051545 0.21960382163524628 0.23550939450633737 -0.3353050124573977 -0.9121983741052178 -0.3648822605609894
0.9704779761404536 0.11640374081668392 0.2112407795625925 -0.9553535580635071 0.03528809544773667 -0.9349306161195154 0.353071513099053 0.2226102501153946 0.2385943170865579 -0.3351938426735575 -0.9114372384798273 -0.371582955121994
0.9703542002951853 0.11598067875588265 0.21204058131597517 -0.9891819953918457 0.034473220295282006 -0.9347827586595503 0.35354319565692993 0.2211420238018036 0.2392160593521365 -0.33575240322023914 -0.9110686037175628 -0.38001883029937744
0.9711148883673638 0.11395796245058412 0.2096412564009138 -1.0221985578536987 0.03604517377011685 -0.9385636299199586 0.3432186737917283 0.21379633247852325 0.23587415932891947 -0.3257482085684924 -0.9155607492544081 -0.3911825716495514
0.9720541744546749 0.11159749378276496 0.2065349396752178 -1.0629987716674805 0.03878546517191606 -0.9440372696031942 0.3275504866299911 0.21249830722808838 0.23153049392388514 -0.3103862641637861 -0.921983729466963 -0.40386465191841125
0.9737494064807298 0.10699972668748198 0.20090582835555157 -1.103089451789856 0.040846261420312224 -0.9504386717263767 0.3082173165397811 0.20538927614688873 0.22392783727444363 -0.29192017706181994 -0.9298596312980717 -0.4212285280227661
0.9756221038278772 0.10197579963624342 0.19432562057283106 -1.1531504392623901 0.04336583257442874 -0.9576055518305311 0.2847999502606535 0.20134559273719788 0.21512999578764877 -0.2694300343166902 -0.9386834085678268 -0.44152677059173584
0.9778022144676991 0.09628862411670976 0.18609494954934933 -1.2059524059295654 0.04591884268745734 -0.965038457198676 0.258054715155224 0.19812019169330597 0.2044365164746955 -0.24378120721932245 -0.948038202678764 -0.46751081943511963
0.9801897854096387 0.09006736742244097 0.17639686477995276 -1.2608826160430908 0.04815650314280738 -0.972271203950965 0.22884417661980655 0.19505321979522705 0.1921169846308824 -0.21581606820005655 -0.9573476322230109 -0.4887407720088959
0.9827689233498427 0.08254567019166496 0.16538275493654325 -1.3174866437911987 0.04918585568801244 -0.9792711305819997 0.19649123239699695 0.18762747943401337 0.17817405787047075 -0.18497098459288558 -0.9664573140913721 -0.5238184332847595
0.9851592154849328 0.07675297978064334 0.15352622004043626 -1.3728094100952148 0.05156119048845877 -0.9854739762989818 0.16181002958063923 0.19221718609333038 0.16371549645810918 -0.15149264712277832 -0.9748062443825484 -0.5636094808578491
0.9873945405069212 0.0699405500190266 0.14198711504978836 -1.4354455471038818 0.05201669268651715 -0.9906349221916292 0.12624070110840352 0.19745029509067535 0.14948673873987026 -0.11726367893521368 -0.9817855899041791 -0.6063563823699951
0.9897206085235122 0.062370314259928575 0.12869755616547837 -1.4875454902648926 0.05101809825618518 -0.9946616147826852 0.08969629718234404 0.20520249009132385 0.13360490527735477 -0.08220836926383404 -0.9876191134788808 -0.6586247682571411
0.9918022538821373 0.056197609234197865 0.11476113414685522 -1.539184331893921 0.05028093605925511 -0.9972840286182115 0.053818154297922235 0.2182961255311966 0.1174738977957112 -0.04760666948433029 -0.9919342157407881 -0.7255401015281677
0.9936843318645766 0.05057097231483453 0.10016998235989634 -1.5858724117279053 0.04896167577893557 -0.9986300338128332 0.018461036587841092 0.23966357111930847 0.10096634544128107 -0.01343995260822944 -0.9947990574795095 -0.7927800416946411
0.9952582045649191 0.044090169993615945 0.08670157528066003 -1.6333271265029907 0.04561681843482001 -0.9988355449992935 -0.01570541059156213 0.26008841395378113 0.0859081609749538 0.01958598876490373 -0.9961105244509781 -0.8746228218078613
0.9965742447108228 0.03622519820270105 0.07434722452269722 -1.6864838600158691 0.03984700618107323 -0.9980606777302565 -0.04782363084319844 0.2762862741947174 0.07247062078841908 0.050622313101991244 -0.9960850317812959 -0.9535183906555176
0.9976275170001531 0.029758634656264094 0.062078667733000234 -1.7313730716705322 0.0346078358451842 -0.9963084343072627 -0.07856081355436628 0.30821114778518677 0.05951163770408298 0.0805228377021458 -0.9949745914274254 -1.0370312929153442
0.9985159208613853 0.025069791351918322 0.04834729928249811 -1.762136697769165 0.030116042911634243 -0.9938410496040456 -0.10664423135488364 0.34998029470443726 0.0453759820354862 0.10794199221572957 -0.9931211137473691 -1.1289739608764648
0.9990726800725181 0.02013103594255997 0.03805944461753448 -1.7979326248168945 0.024962181390602262 -0.9910605118647092 -0.13105705369297427 0.38849782943725586 0.035080898405521005 0.13188556863561618 -0.9906439962734955 -1.217242956161499
0.9994981119297037 0.01186335417184832 0.029373203379112308 -1.8376452922821045 0.01619930345508308 -0.9882336959241729 -0.15209123843147396 0.414310097694397 0.02722327710852496 0.15249073108829472 -0.9879298912957488 -1.3212058544158936
0.9997400939408931 0.0058826865127143855 0.022025861309996744 -1.8768597841262817 0.009521538293914231 -0.9855790860689027 -0.1689473450874675 0.4532114267349243 0.02071436399148205 0.16911315473072885 -0.9853789403176063 -1.4279820919036865
0.9998992157940411 -0.0018011189123011474 0.01408240835673731 -1.9039936065673828 0.0007834888999883805 -0.983407832788176 -0.1814067820011335 0.4890795052051544 0.014175485868419066 0.18139953247328652 -0.983307309653939 -1.5399818420410156
0.9999179515791911 -0.006373339962561275 0.01111173467089866 -1.945546269416809 -0.0041720499635494 -0.9821768208868776 -0.18791297590014364 0.5327164530754089 0.012111321512389939 0.1878511992249928 -0.9821228247225272 -1.6597219705581665
0.999873288603743 -0.011571836742438836 0.01093157496166176 -1.9928638935089111 -0.009289205043473766 -0.9818060767066971 -0.18965900561656315 0.577753484249115 0.012927389775062456 0.18953342801788178 -0.981789163852094 -1.7783944606781006
0.9997492189769209 -0.01761826235331076 0.013823747201349167 -2.0445563793182373 -0.01473484827301874 -0.9823674473513327 -0.1863788685200062 0.6084321737289429 0.01686367105371819 0.18612843741910198 -0.9823806906604565 -1.9067264795303345
0.9995091514290194 -0.023369482333597445 0.020864407614438432 -2.0872292518615723 -0.01927080925103268 -0.9837214716672865 -0.17866365632539388 0.6318824887275696 0.02470004292409373 0.17817388550572671 -0.9836889622250217 -2.045990467071533
0.9992380051492874 -0.028343679284854748 0.02683365256296329 -2.0963120460510254 -0.0235209831501572 -0.9859248370191095 -0.16552636980400479 0.650842547416687 0.03114759086867797 0.16476908567276635 -0.985840238572984 -2.1882565021514893
0.9987498876429056 -0.03480328197170046 0.03588026612612535 -2.0957891941070557 -0.029077616430970718 -0.9883638225579782 -0.14930320318490967 0.6608906388282776 0.040658998462537295 0.1480732447897978 -0.9881402532138056 -2.331638813018799
0.9981162512271897 -0.039552596400978544 0.046899266029678435 -2.0847761631011963 -0.03320222233897988 -0.9910624618549513 -0.12920065454074167 0.6778014898300171 0.05159032339435561 0.1274001131080519 -0.9905087832584429 -2.4809632301330566
0.9973902712042781 -0.043342387989823164 0.05774153020483745 -2.0580127239227295 -0.03690583114151491 -0.9934419866529125 -0.10821727580598331 0.6964902281761169 0.06205325563425751 0.10580385890152544 -0.9924489593458878 -2.636713981628418
0.9964988647601541 -0.046333709790911476 0.06959310216347382 -2.02803897857666 -0.040375012074279154 -0.99558687572417 -0.08471500035877935 0.7181698083877563 0.07321113939644651 0.08160857934554289 -0.9939719155214982 -2.7906606197357178
0.9951789932371758 -0.04969182503749638 0.08455468020094671 -2.0024404525756836 -0.044829784538453855 -0.9972826209662394 -0.05846079316041013 0.7327804565429688 0.08722993659104268 0.0543883851860974 -0.9947023885158676 -2.9580154418945312
0.9936054009061562 -0.051835708634767615 0.10030636370862693 -1.978814721107483 -0.04889262871829008 -0.9983046158266365 -0.03158171743661998 0.7486892342567444 0.10177336659033791 0.026475523216030084 -0.9944552420915208 -3.1265182495117188
0.9917851111175661 -0.05100101671382644 0.11730809716159354 -1.962977647781372 -0.05116918394997892 -0.9986887499566929 -0.0015796594038298807 0.7691072225570679 0.11723484114976696 -0.004435876925128252 -0.9930943132535272 -3.3012468814849854
0.9892868857361928 -0.05044362010155095 0.1369923315424483 -1.9563113451004028 -0.05508067495476305 -0.9980229822762766 0.030269557229914992 0.7819411754608154 0.13519458922942665 -0.03749090608958078 -0.9901095166716 -3.4838051795959473
0.9865724859226196 -0.0472356964255478 0.15634423239651346 -1.9573180675506592 -0.05746842715450458 -0.9964458219051328 0.06158817977656961 0.8013523817062378 0.1528793965871429 -0.0697460607561255 -0.9857805927832791 -3.672962188720703
0.9834856777403107 -0.043531149847084984 0.1756728797301176 -1.9722169637680054 -0.06037759645762889 -0.993952773079998 0.09171930403454709 0.8198317289352417 0.17061789919490114 -0.10081132813118077 -0.9801666228732471 -3.860569715499878
0.9795914888641076 -0.03730436828849749 0.19750670634587808 -2.0199646949768066 -0.06265097019259917 -0.9903420148482939 0.12368326305586967 0.834819495677948 0.19098526351246797 -0.1335330585765845 -0.9724677636756168 -4.055340766906738
0.9754654338730098 -0.03081127294598713 0.21798590041190408 -2.096357583999634 -0.06558213342642591 -0.9858724089363595 0.15412519934539504 0.8437036275863647 0.21015749116835963 -0.16463978485611297 -0.9637051261399172 -4.239282131195068
0.9707665489342243 -0.022440307805710262 0.23897435020503957 -2.2045817375183105 -0.06826740382001323 -0.9803148060059002 0.1852631714650526 0.8442910313606262 0.23011273116890155 -0.19616144807581132 -0.9531887626502893 -4.416250228881836
0.9651071221591734 -0.012489094748511322 0.2615573842773343 -2.3376643657684326 -0.07093531020447352 -0.973982834079923 0.21523387438745836 0.8373797535896301 0.2520643261626554 -0.22627739929123233 -0.940883687841469 -4.577169895172119
0.9590481260161703 -0.0009017971825892798 0.2832417320006243 -2.4874517917633057 -0.07297698822722612 -0.9670207066599037 0.24401908138558337 0.8193285465240479 0.2736805641147272 -0.25469617125669974 -0.9274852069833905 -4.735702037811279
0.9527784052348731 0.012082888934355534 0.3034259618310404 -2.6342759132385254 -0.07379799312229823 -0.9600390145867448 0.26996100955958974 0.7886335253715515 0.29456267029142236 -0.27960524720811614 -0.9138127483267429 -4.894131183624268
0.9453257068532726 0.02446191697651319 0.32520904443172394 -2.7813665866851807 -0.07764997707868494 -0.9516228944505443 0.2972950517873582 0.7323325276374817 0.3167487790379634 -0.306293129820769 -0.8976941180616909 -5.056362628936768
0.9374000327894934 0.043198536584444176 0.34556484914299274 -2.9030416011810303 -0.07514550241302118 -0.9438111545404049 0.3218286159312171 0.6711922883987427 0.3400504844774545 -0.3276497993316502 -0.8814824314781198 -5.228095531463623
0.930276949494983 0.059015248031100684 0.3620800985115541 -2.9853532314300537 -0.07386887429270035 -0.9366281480518146 0.34244868475109885 0.5800503492355347 0.35934410618380574 -0.34531856708965986 -0.8669641864426154 -5.431941986083984
0.9219641554655805 0.07601990031273698 0.37974079421768797 -3.055767297744751 -0.0668604404592466 -0.9345772633846944 0.34942097857165244 0.48067915439605713 0.3814600602136932 -0.347543254172509 -0.8565640133352256 -5.647919654846191
0.911800543950784 0.0707020561318176 0.40450091138313593 -3.170074224472046 -0.09083997727976167 -0.925930315367452 0.3666076235041265 0.30515873432159424 0.4004595692187498 -0.3710178841272537 -0.837841192039917 -5.802549839019775
0.9030943691252081 0.08670623248479123 0.4205978955042878 -3.234025478363037 -0.08456582984392569 -0.9243218589712844 0.37212594837054475 0.20053231716156006 0.4210334676449731 -0.3716330586427457 -0.827417481593595 -6.03208065032959
0.894751537036235 0.10560313642878938 0.4338982191110006 -3.299525022506714 -0.07520533499459273 -0.9221253120323033 0.3795116157612025 0.12161135673522949 0.44018614762353264 -0.3722000624472409 -0.8171311210293143 -6.280373573303223
0.8860323565645838 0.12636285401728808 0.44607072560886085 -3.3811349868774414 -0.06315584938643264 -0.9202747649873204 0.3861420666229081 0.08339530974626541 0.45930164577202237 -0.3703063408208637 -0.8074126653322786 -6.537467002868652
0.8780699474675614 0.1451196840060007 0.45599719809261174 -3.487536907196045 -0.053366773230554145 -0.9172672139562393 0.3946806882986767 0.07983806729316711 0.47554721623543617 -0.3708923503052565 -0.7976802051046336 -6.799900054931641
0.8704601360369993 0.1636898547579379 0.4642249271848443 -3.610008955001831 -0.04269510238419439 -0.9144272842595033 0.4024920744986078 0.11176832020282745 0.4903838086671011 -0.3701734367173243 -0.7889837431443271 -7.06467342376709
0.864313680087086 0.18189532164824201 0.4689093242587538 -3.73350191116333 -0.032391797700816335 -0.9102452795150181 0.4128005602737672 0.1636195182800293 0.501908989614679 -0.37197798736364673 -0.7808455308579686 -7.322234153747559
0.8589570085440028 0.20013844348740356 0.4713146092702598 -3.8504295349121094 -0.019583937326489914 -0.9069366448245486 0.42081158690461856 0.22489944100379944 0.511673066392917 -0.37068925761725363 -0.7751000886435502 -7.569224834442139
0.8537897541195553 0.21711226929409766 0.4731863462552956 -3.96372127532959 -0.007120515143646686 -0.9039388518262598 0.42760244436054373 0.28227555751800537 0.5205692595846958 -0.3684519163757871 -0.7702277788384754 -7.807362079620361
0.8488109626499324 0.23353643889396286 0.4743212849894272 -4.071597576141357 0.005443713523384727 -0.9009653529226579 0.4338568874825266 0.3341920077800751 0.528668436421516 -0.3656804131228206 -0.7660205739991276 -8.043744087219238
0.8451032145822296 0.24816397396994766 0.47351367321992394 -4.175558090209961 0.015961284962480435 -0.8970469956889381 0.44164683278361316 0.3709011673927307 0.5343648510943888 -0.3656792714235979 -0.7620583155940089 -8.280584335327148
0.8431341874238132 0.2593284257210651 0.471034509999236 -4.267999649047852 0.025181014303494884 -0.8940939349413333 0.44717105454151435 0.387157142162323 0.5371132641406592 -0.3651640769765789 -0.7603713161147057 -8.533064842224121
0.843703109217701 0.2688639607208618 0.46462590771703116 -4.333373546600342 0.03546790002632157 -0.8915600400233583 0.4515115979698313 0.39337798953056335 0.5356370894216598 -0.36446243381045274 -0.7617480179014937 -8.78929615020752
0.8440444468541041 0.2799571890872157 0.4573980148766876 -4.385232448577881 0.04714952062157017 -0.888356991749904 0.4567261519928735 0.39580559730529785 0.5341964942227773 -0.36393107518793466 -0.7630126329705481 -9.02531623840332
0.8448178212514648 0.29190079421576914 0.4484158507815395 -4.409286022186279 0.06133875516297725 -0.8853873828325709 0.46078925707523544 0.4045881927013397 0.5315264866504632 -0.3617777061360944 -0.7658958710764285 -9.26318073272705
0.8478756145886561 0.30119398041814116 0.4363360268712459 -4.408862113952637 0.08473088207441606 -0.8893701250783979 0.4492676910717329 0.39760252833366394 0.5233809509418542 -0.3439519832446254 -0.7795956730339701 -9.505058288574219
0.8513375386877523 0.30982457009122466 0.4233593402641157 -4.376262664794922 0.1089133172038347 -0.8937820874095922 0.4350763950864359 0.3947383463382721 0.513188351930104 -0.3242873972166347 -0.7946542640983713 -9.739531517028809
0.855602894789165 0.3195447314218847 0.40722825423700276 -4.312232971191406 0.13603095534833964 -0.8978639525873862 0.41873130027641114 0.3998350203037262 0.49943895083925866 -0.3028720641866324 -0.8116829720524565 -9.962871551513672
0.8614615089553789 0.32519231316793246 0.39004362325874664 -4.226647853851318 0.16072983791036954 -0.9031852569195337 0.3980230029640275 0.3896739184856415 0.4817156711106958 -0.28018984838799077 -0.8303274420773329 -10.170358657836914
0.8684237356605009 0.3303421133492645 0.3697489736150757 -4.120981693267822 0.18577459913400524 -0.9081900122417585 0.3750715931404483 0.3776453733444214 0.45970426760914446 -0.25703110670161305 -0.8500629368050838 -10.375153541564941
0.8734167331266692 0.3394034030201053 0.34921131183383547 -4.010561466217041 0.21300194470172562 -0.9111322522016175 0.3528004968127038 0.38136693835258484 0.43791937825085947 -0.23375916883917 -0.8680917400459475 -10.556711196899414
0.8808148021903895 0.34282062814156944 0.3265567349832563 -3.894104480743408 0.23610200897919106 -0.9158857893787328 0.32466761798812904 0.3660033047199249 0.4103914297329988 -0.2088713425406068 -0.88766639942435 -10.742411613464355
0.88568977658874 0.34896765522819817 0.30622735875607476 -3.782538414001465 0.260804912841452 -0.9196384248270638 0.2936766334241798 0.3716103136539459 0.38410209200673573 -0.18024079223674894 -0.9055268299337788 -10.902181625366211
0.8915623833019418 0.35391816087492634 0.28259237796492537 -3.6607000827789307 0.2829316105856947 -0.9224719283369921 0.2626694598951615 0.36664149165153503 0.35364702799874664 -0.15423189304790624 -0.9225759062291367 -11.061483383178711
0.8975251162031888 0.35746406425124405 0.2582016819337841 -3.543407917022705 0.3027345949881049 -0.9252476518819535 0.22862315649189957 0.3636019825935364 0.32062506262274737 -0.12702844349166031 -0.9386497449859801 -11.217391014099121
0.9015330117526259 0.36363720048601283 0.23453403834611153 -3.4247026443481445 0.3237009765224083 -0.9264452353683159 0.19213772055945988 0.37096303701400757 0.2871513651694507 -0.097299600646874 -0.9529306801626651 -11.360342025756836
0.9050629451405752 0.37004392072763453 0.20959141696641242 -3.314762830734253 0.3426446153873573 -0.9264189106019394 0.1560213755392702 0.383477121591568 0.2519042136994108 -0.06939379519550794 -0.9652609845574645 -11.514269828796387
0.9075782546969866 0.3767857986389511 0.1852948287059839 -3.2263410091400146 0.36001684386222954 -0.9254044039110716 0.11838311263636178 0.39276033639907837 0.2160777261465216 -0.040732679337385225 -0.9755261478286201 -11.665112495422363
0.909491969908303 0.38355113612736713 0.16035237025912596 -3.155576467514038 0.3751811179364485 -0.9234235383600449 0.08079664316400278 0.3972223401069641 0.17906279740993286 -0.013322716615628949 -0.9837474370008334 -11.826777458190918
0.9106427521609469 0.39011805475262223 0.13615315381131082 -3.1077537536621094 0.3877216995855511 -0.920686823909172 0.044806873920561346 0.3941787779331207 0.14283438524118813 0.01198647721690584 -0.9896740184306653 -11.992269515991211
0.9100947452033393 0.39884790764619554 0.11246288863229938 -3.060866355895996 0.40043268355370826 -0.9162808498359626 0.009114283617605894 0.3985244631767273 0.10668280412158658 0.036738954668557464 -0.9936141245547073 -12.1500825881958
0.9097829779332042 0.4050677069081068 0.09063711096012769 -3.0083651542663574 0.40884424184446055 -0.9122017915667665 -0.027097552897068996 0.3798762857913971 0.07170299138542743 0.061709353282863616 -0.9955152619341362 -12.2992525100708
0.9088446324869045 0.4115528524649258 0.06801237848896809 -2.9391658306121826 0.4155816599622153 -0.907401015159225 -0.06257221101301656 0.3633953630924225 0.03596272935683888 0.0851331152724419 -0.9957203597301886 -12.444559097290039
0.9069338528566743 0.4185616620772163 0.047719195107485665 -2.877035140991211 0.4212637668660741 -0.901828958710209 -0.09613203398173721 0.34827524423599243 0.002797368112013726 0.10728776384480222 -0.9942240745731455 -12.57978343963623
0.9045646267572023 0.42532214895032594 0.02939227163524591 -2.8183228969573975 0.4254264745107845 -0.8959839564032044 -0.12737764581505465 0.33722835779190063 -0.027841530218867233 0.12772556314355202 -0.9914186954635937 -12.711991310119629
0.9026809499783004 0.43006665063710486 0.014483734188947106 -2.76131534576416 0.4267542843783239 -0.890395401501116 -0.15835659048619177 0.32289859652519226 -0.05520763815830512 0.1491264731543302 -0.9872757526109577 -12.845170974731445
0.9003032078056309 0.43526314682369915 0.0003564155179447831 -2.7088756561279297 0.42789944933747914 -0.8849214731787968 -0.1838914015492564 0.3002881705760956 -0.07972575036694635 0.16571052870653283 -0.9829465018017146 -12.954941749572754
0.8973412117454456 0.44117797608083226 -0.011863520743698931 -2.6605405807495117 0.4293214232814789 -0.8788242416639007 -0.20820919234134497 0.2919098436832428 -0.10228325969962443 0.18174142534130885 -0.9780123665374221 -13.07607364654541
0.8940816148871585 0.44733130792413994 -0.022644356286917987 -2.6093804836273193 0.43082441910648567 -0.8727163102380132 -0.22968796604547448 0.28285178542137146 -0.12250871733199156 0.19560404595873293 -0.9730008588805273 -13.177851676940918
0.8915581414148185 0.4517409564625394 -0.0324682726868006 -2.563549041748047 0.4305545018747732 -0.8676203139656414 -0.24871230711311307 0.27149826288223267 -0.14052366844172653 0.2077621213033589 -0.968033057059111 -13.283921241760254
0.8902850160196442 0.4532886454231442 -0.04384055407215069 -2.5007166862487793 0.4267369699453899 -0.8639842723498073 -0.2672578073957824 0.24784331023693085 -0.1590224787026333 0.2192272361332525 -0.9626272748081915 -13.376357078552246
0.8875785284163066 0.4579379998790437 -0.04997143345077692 -2.463096857070923 0.4274202307272753 -0.8591375796634751 -0.28141529022963385 0.2511920630931854 -0.17180309153035397 0.22841936756056236 -0.9582840342319422 -13.482027053833008
0.8868787433223186 0.4587527091900654 -0.05469960195285031 -2.4114606380462646 0.42392857893844516 -0.855133111271283 -0.29838217434479253 0.24062441289424896 -0.1836590716579376 0.24144008328832012 -0.9528777631886862 -13.577912330627441
0.8858922086816555 0.46008578986716214 -0.05929637897416677 -2.3638830184936523 0.4216733835919047 -0.8519420064709785 -0.31046155185523033 0.23705482482910156 -0.1933560243884137 0.2500317651269795 -0.9487347175370965 -13.679594039916992
0.8860695851960482 0.4592677902884299 -0.06287914593953785 -2.311370611190796 0.4175670919176665 -0.849695509511953 -0.32195537712957306 0.22212634980678558 -0.20129186257254916 0.25901860535259874 -0.9446644632583935 -13.775988578796387
0.8859027749672145 0.45862159659715385 -0.06958810559331463 -2.2416844367980957 0.4133171952970308 -0.8485248894143124 -0.33041550828649835 0.2065870761871338 -0.21058292755393276 0.2639540550533491 -0.9412667461690701 -13.882430076599121
0.8856431534360433 0.45845889715971194 -0.07383525165503102 -2.1833455562591553 0.4101241375009322 -0.846815175142387 -0.33867720765898135 0.19476550817489624 -0.21779439067840467 0.26966553128583004 -0.9380011218678544 -13.991782188415527
0.8857573092307804 0.45794044924920185 -0.07566065084102164 -2.130232334136963 0.4074814851911258 -0.8452682458782521 -0.34565941580743514 0.18072105944156647 -0.22224497378047076 0.2753400396806505 -0.9353047814364983 -14.109342575073242
0.8861798566862183 0.4567039479730877 -0.07814579649212332 -2.0672454833984375 0.4044061442805154 -0.8446978130005266 -0.3506298264270938 0.16834130883216858 -0.22614360939845302 0.2791184490819662 -0.9332480695454545 -14.22580623626709
0.8859005777604767 0.457115412839118 -0.0789028875807265 -2.013552665710449 0.4034474816723869 -0.8432147133582433 -0.3552732423197459 0.16260741651058197 -0.22893295056820262 0.2829035993427771 -0.9314264638837779 -14.346580505371094
0.8865119267745735 0.4561263112262566 -0.0777521182577117 -1.95641028881073 0.40135843315225095 -0.8416532331167418 -0.36129107838653535 0.15156859159469604 -0.23023468857668497 0.2890823816687273 -0.9292057709596583 -14.472370147705078
0.8861986423796865 0.4566195738068796 -0.07842532155385046 -1.8973608016967773 0.4008979324109914 -0.8406103713179597 -0.3642184117000056 0.148796945810318 -0.2322343945951877 0.2913293127186247 -0.9280056128698256 -14.60916519165039
0.886671606044427 0.45618642150686217 -0.0755474146967304 -1.8425960540771484 0.40033546713362045 -0.8391062929238379 -0.3682826943131052 0.1314636766910553 -0.2313978755077544 0.29630149849161685 -0.9266393285427291 -14.730883598327637
0.8862162510132183 0.45703042125904203 -0.0757888546150362 -1.7812477350234985 0.400894355682764 -0.8385466065958731 -0.368948918074369 0.13459838926792145 -0.23217336630582325 0.29658520295242075 -0.9263545462553164 -14.861907005310059
0.886446355023911 0.45680254416431837 -0.07446002491154897 -1.7172940969467163 0.40048697197032374 -0.8376908039831115 -0.3713277557686329 0.12245117127895355 -0.23199794168669613 0.2993418657106525 -0.9255114275285865 -14.997868537902832
0.8870122571462601 0.45591543698940046 -0.07314622332739634 -1.6573693752288818 0.4002848703397191 -0.8382036924980324 -0.3703870846287417 0.12046492099761963 -0.2301766240290521 0.29925855743391594 -0.9259930008121878 -15.135198593139648
0.8887996100197728 0.4527526947768628 -0.07106511521828769 -1.5973148345947266 0.39802609464488153 -0.8394437742506298 -0.3700126725581183 0.10809388756752014 -0.22717940313867235 0.3005813487962059 -0.9263046861294668 -15.26972770690918
0.8897507186550503 0.4510706979895323 -0.06984900906997586 -1.5337976217269897 0.396631928411104 -0.8397794087377756 -0.37074743158236545 0.10367085039615631 -0.22589106227938782 0.3021684465248945 -0.92610337322948 -15.409566879272461
0.8910997330484998 0.4486134760560829 -0.06846323730127694 -1.4818799495697021 0.394950540112619 -0.8409542223034354 -0.3698784487568516 0.09820903837680817 -0.22350690509611382 0.3025589943976259 -0.9265542176707493 -15.551690101623535
0.8919807554740061 0.44698226034888494 -0.0676549391945884 -1.4358168840408325 0.39435945716276893 -0.8425108021217221 -0.3669552654677393 0.09952718019485474 -0.22102251109402418 0.30063666982192044 -0.9277751033241181 -15.694828033447266
0.8934922820551263 0.4442738785676065 -0.06551536255274873 -1.4041024446487427 0.3928766994347842 -0.8439765827213899 -0.3651731464102408 0.09111122786998749 -0.2175303219074359 0.30053992852933964 -0.9286314179535531 -15.845292091369629
0.8948045700849575 0.44192379504939233 -0.0634676352499171 -1.3792853355407715 0.3916264223310944 -0.8451953413751635 -0.3636943500384184 0.08482968807220459 -0.214367737048328 0.3005797636017152 -0.9293536888751858 -16.006189346313477
0.8962655988989414 0.43924977482986566 -0.061380872771852016 -1.3640462160110474 0.38996480236507297 -0.8463870365719697 -0.3627070956561078 0.07228381931781769 -0.21127098510370884 0.3011455123936462 -0.929879535863908 -16.163209915161133
0.8978644406637137 0.4362407524142993 -0.059442847548231995 -1.3594743013381958 0.38809006824119113 -0.8479579402611483 -0.3610449147690882 0.06063615530729294 -0.2079075398444799 0.3011002116921815 -0.9306519851129849 -16.32743263244629
0.8994489352687428 0.433278317332838 -0.05710965394002314 -1.3632729053497314 0.3863486997453626 -0.8494111968772672 -0.35949311651907334 0.043538518249988556 -0.20427015212456356 0.3012814603468871 -0.9313985111660069 -16.500696182250977
0.900736758020068 0.43084964964603173 -0.05515316991242991 -1.3695486783981323 0.38496365730528664 -0.8506430268678618 -0.35806343487602876 0.027142036706209183 -0.20118716486305854 0.3012889314942949 -0.9320668991297731 -16.66666030883789
0.9016513578274432 0.42932573026979387 -0.052002367794515295 -1.3840359449386597 0.3844674366686041 -0.8508248361782427 -0.3581646105964958 0.011035684496164322 -0.1980141890607861 0.3029463904234126 -0.9322091318261285 -16.82524299621582
0.9029695273548513 0.4269315690910997 -0.04873877288123221 -1.4034494161605835 0.3833091130360314 -0.8515424004563987 -0.3577005229077607 -0.006769753992557526 -0.1942167771643008 0.3043106563010341 -0.9325635999381203 -16.978633880615234
0.9038046274428347 0.42514630441188106 -0.04886527660659443 -1.4126553535461426 0.382079643363448 -0.8530902199298419 -0.35531988797042346 -0.020730171352624893 -0.19274942682192134 0.3024693315114345 -0.9334666367657961 -17.12996482849121
0.9049757571667554 0.4228138550876372 -0.047405937248288926 -1.429823398590088 0.38043487297571027 -0.854047727215107 -0.35478414150390897 -0.03950515389442444 -0.19049458355662865 0.30303617537291 -0.9337456238456734 -17.277908325195312
0.9054852712431879 0.4219655135746992 -0.04518328136922192 -1.4477683305740356 0.38043598675549933 -0.8542940401041031 -0.35418943098852934 -0.05635139346122742 -0.18805553313587833 0.3035239667575676 -0.9340815371586847 -17.422054290771484
0.9059211655196893 0.4211118408754802 -0.044403370794478106 -1.4630956649780273 0.37997183223440884 -0.8547114686026727 -0.3536802399731832 -0.07312994450330734 -0.18689100719904617 0.3035343850596278 -0.9343118475726397 -17.562610626220703
0.907036503678765 0.4188170667759455 -0.04332488397439761 -1.4813398122787476 0.37819306972191963 -0.8556147245504065 -0.35340266714732516 -0.09681054949760437 -0.18508047711337106 0.30416394873443675 -0.9344675003881954 -17.700719833374023
0.9073398725629241 0.41826891799004867 -0.04225479737178893 -1.499516487121582 0.3778188929763621 -0.8553898070795395 -0.354346104895404 -0.11427220702171326 -0.18435628486062844 0.3055476888930146 -0.9341591781085944 -17.837087631225586
0.9086430107386163 0.41574718649507175 -0.039014817150602774 -1.5287699699401855 0.3758811575093423 -0.8550379185012433 -0.357244332851479 -0.14671483635902405 -0.18188247432146937 0.30994263154089235 -0.9331957622536693 -17.975046157836914
0.9075026067389512 0.418288429069747 -0.03839021839442404 -1.54740309715271 0.37821110815512454 -0.8534603257031977 -0.3585551981475989 -0.16094020009040833 -0.18274401886267305 0.3108701699374748 -0.9327188006108617 -18.117624282836914
0.906519949430366 0.4203563253683803 -0.03901462555964473 -1.563225507736206 0.37998410160963014 -0.8527227361885465 -0.3584355140203615 -0.17849132418632507 -0.1839392938137176 0.3101040066008676 -0.9327388923387938 -18.26694107055664
0.9069831199850051 0.41918091978552235 -0.040853109429139126 -1.5803663730621338 0.3783699622478613 -0.853580614443511 -0.35810097223379667 -0.20904117822647095 -0.18498051716550523 0.30933394759386146 -0.9327886776409651 -18.42877197265625
0.9061585357742109 0.42080680069449006 -0.04240689251532247 -1.5957436561584473 0.3792930777440723 -0.8529130792007781 -0.3587144275097903 -0.23173046112060547 -0.18711886387793053 0.3089674996136571 -0.9324835735622999 -18.59555435180664
0.9058111687458354 0.42133646946586256 -0.04451635736833723 -1.6113324165344238 0.37921090901964827 -0.8531077117932073 -0.3583382739248622 -0.25996720790863037 -0.18895823098186348 0.30770572236635413 -0.9325298790747696 -18.771589279174805
0.9053777075394742 0.42205090207283635 -0.046521422485468075 -1.6254611015319824 0.37941195673900396 -0.853326770643368 -0.3576031174176774 -0.2882847189903259 -0.19062469350544942 0.3061151067210928 -0.9327141939860717 -18.95585060119629
0.9043325520124657 0.4243083219468748 -0.04631504396249893 -1.6419968605041504 0.3813524401338108 -0.8519475604652447 -0.35882540409133035 -0.31985658407211304 -0.19171059379859318 0.3068351383788134 -0.9322549254798524 -19.144729614257812
0.903952875282785 0.4250632691194307 -0.046801885789875375 -1.6569124460220337 0.38193847602430253 -0.8517373679009104 -0.3587010686539184 -0.35420018434524536 -0.19233356389413533 0.30637342144306867 -0.9322784599212024 -19.339906692504883
0.902579351373125 0.42799833722469144 -0.046561119056227174 -1.6703267097473145 0.3848210428780207 -0.8505254752104775 -0.3584957196066139 -0.3869475722312927 -0.19303698980542922 0.3056531356797943 -0.9323694982226561 -19.542612075805664
0.901992952666119 0.42905958862002214 -0.048130891887373836 -1.6759623289108276 0.38551422804757207 -0.850569341987365 -0.3576458785503698 -0.4281449019908905 -0.19439005456437658 0.30403891837131414 -0.9326161283197179 -19.752540588378906
0.9018772362465576 0.42929295136671786 -0.04821838494935299 -1.6818567514419556 0.3861170928272748 -0.8511213217783141 -0.35567694083388257 -0.4715630114078522 -0.1937292991957718 0.3021589937784217 -0.9333642917489008 -19.968002319335938
0.9010118672137942 0.43107540082443974 -0.048493442277907084 -1.6863759756088257 0.3881165981127943 -0.8510160549045377 -0.3537473400098842 -0.5133598446846008 -0.19376047432142562 0.29990944149653825 -0.9340830827565451 -20.192604064941406
0.9007569203448894 0.43159685095367856 -0.04859144675411918 -1.685257911682129 0.3893071644118434 -0.8519274428664404 -0.3502278741457589 -0.5594397187232971 -0.1925536345759284 0.2965531829839561 -0.9354032860075293 -20.4254093170166
0.9000065182255459 0.433166680323065 -0.04852725223445209 -1.6825590133666992 0.39169282424670354 -0.8525891124081797 -0.34593140481412454 -0.5979288220405579 -0.19121976515300798 0.2923327427109873 -0.9370040389208045 -20.661340713500977
0.8979801207781151 0.4371593633605624 -0.05023339241490132 -1.6668914556503296 0.3955616694017823 -0.8519558271059811 -0.3430775923318783 -0.6070067882537842 -0.19277621323025507 0.28820645323509186 -0.9379628840877723 -20.907175064086914
0.8977409040044815 0.43764765948908446 -0.05025729221658022 -1.6595587730407715 0.3974910223882403 -0.85393545658079 -0.33584985203943335 -0.6299111247062683 -0.18990038546029298 0.2815293273140192 -0.9405738043684548 -21.15645980834961
0.8966167052004781 0.44009944290659686 -0.048897487754913344 -1.6635676622390747 0.40160251390849955 -0.8547264524098488 -0.328874006837342 -0.6214432716369629 -0.18653124343608565 0.27523657443039384 -0.9431070582484313 -21.41290855407715
0.8966798658346896 0.4399616919605156 -0.048978850679899585 -1.6639975309371948 0.40300955186762766 -0.8570923537688279 -0.32089873514001976 -0.6143806576728821 -0.18316254887431954 0.2680044901083767 -0.9458462211013013 -21.677154541015625
0.8967211357413336 0.4402672901107626 -0.045342231675319436 -1.6915409564971924 0.4060071729786646 -0.8590487118011085 -0.3117586987442828 -0.6010690331459045 -0.17620834317547357 0.26115134311617344 -0.9490788143162681 -21.950605392456055
0.8962068851310434 0.4420510674397852 -0.037470959676248666 -1.7397804260253906 0.4116256517451836 -0.8600713672171132 -0.30139934657964745 -0.5742729306221008 -0.16546160240087543 0.25469216138042433 -0.9527614397436026 -22.232879638671875
0.8931499611162526 0.4486542103194317 -0.03150470632593575 -1.7849035263061523 0.4218780050664364 -0.8600042258091984 -0.2870743465227865 -0.5172950625419617 -0.15589129481533023 0.24310929877931073 -0.9573900840555178 -22.515600204467773
0.8926209886828064 0.4500856672128367 -0.025508091510444524 -1.8311927318572998 0.42688234661551494 -0.8620815582654487 -0.2731059300832691 -0.47701796889305115 -0.1449111200390122 0.23289113136440318 -0.9616457186619444 -22.805307388305664
0.8917029110735585 0.45222284624254605 -0.01898461796381235 -1.883392095565796 0.43263936558783866 -0.8639119030594752 -0.2578360003876655 -0.43569785356521606 -0.13300036739307855 0.22169961905345323 -0.9660021641719337 -23.089632034301758
0.8916651994063678 0.4525799273616318 -0.010226510496873384 -1.951432228088379 0.43689196884278725 -0.8662345782903769 -0.24241093815000675 -0.40371400117874146 -0.11856888178723628 0.21168151719843997 -0.9701197635077285 -23.36823081970215
0.8910814463613453 0.4538309889198134 -0.0033599771780614754 -2.010913372039795 0.44149386882943814 -0.8685257378750016 -0.22526918660726467 -0.3707811236381531 -0.10515236438895592 0.1992497832991242 -0.9742907698006095 -23.647228240966797
0.8906291557497623 0.454721181078565 0.002890399104108113 -2.0673468112945557 0.4454455847713766 -0.871148565691438 -0.2065875298788311 -0.3413887321949005 -0.0914217585487858 0.18528039284356418 -0.978423854007854 -23.92714500427246
0.8898308236865291 0.45618561961529325 0.009787015559585194 -2.1426610946655273 0.4498703811884517 -0.873523217821385 -0.18594038844836758 -0.3221489191055298 -0.07627414599135007 0.16985837743009202 -0.9825122830123327 -24.197893142700195
